-16
+12
-18
-1
+5
-8
+9
-15
+12
+6
+11
+7
-9
+13
+5
-4
-4
-2
-5
+19
+4
+14
+7
+8
-16
-9
+16
+8
-11
-7
+12
+8
+13
+11
+12
-19
+11
+7
+9
-7
-16
-5
+11
-1
+8
+5
+12
-1
-1
+6
-2
-12
+6
-18
+11
+5
+13
-12
-15
-8
-13
+2
-11
+1
-14
-6
+11
-15
+11
+8
+18
-8
+18
-7
-9
-24
-12
+2
+20
-9
-5
-14
-6
+16
-1
-12
-16
+8
+9
-15
-8
-2
-4
-16
-18
-8
+10
+10
+2
+3
-8
-10
-1
-2
+20
-5
-4
-13
+10
+9
-12
-19
+15
-4
-13
-11
-9
-4
-12
+3
-7
-4
+13
+8
-5
+10
-11
+7
+10
+13
+10
-17
-21
+11
+3
+9
-15
-11
+15
+10
-3
+17
+6
+11
+16
+19
+8
+8
+4
+9
+7
+15
+2
+15
+22
+19
+11
+3
+19
+9
-4
+9
-19
-16
+6
+2
-3
+5
+5
-18
+1
-14
-6
-20
+10
-13
+19
-18
-17
+5
-39
+2
+33
+2
+24
-16
+45
+9
+21
+6
+20
+4
-12
-7
-3
+8
+12
+5
-1
+8
+18
-13
-9
+3
+16
-4
+15
+13
-10
-8
-13
-21
+15
+17
+13
-4
-18
-15
+3
+11
+5
+3
+10
-11
+9
+19
-2
+9
+3
-13
+2
-7
-14
-2
-7
-19
+7
+3
-13
+6
+10
+5
-9
-20
-8
+5
-17
+11
-12
+17
-12
-14
+24
-22
-13
+15
+15
+1
-4
+13
-30
+12
+17
+8
+45
+4
-3
-5
+3
-9
+13
+8
+14
+2
-12
-3
+9
+20
+7
+1
+1
-17
-10
+3
-2
+4
-6
+16
-8
+15
+16
+8
-11
-14
-4
+2
+15
+19
+12
+14
+17
-18
-18
-18
-1
-1
-7
-17
-2
-18
+15
-3
+5
-20
+39
-1
+6
+8
+10
+16
-19
+11
+19
+15
-6
+19
-8
+6
+1
-2
-20
-4
+18
+2
-17
-10
-10
-12
+18
+2
-16
-8
+14
-15
+12
-14
-19
-16
-21
-17
+21
-12
-34
-22
-25
-15
+14
-12
-10
+11
-20
+4
-6
-11
+14
+21
+74
+40
+3
+15
-4
+16
+12
+3
+6
+2
+11
+10
-3
+17
-5
+10
+13
+5
-13
-4
+13
-8
+17
-2
+6
-12
+7
+2
+13
-2
-9
+18
+15
-11
+4
+3
-21
-17
+3
+12
-1
-12
-3
-20
-10
+13
-6
-4
-20
+7
+15
-6
-15
-26
+13
+6
-23
-9
-1
+44
+8
-14
+26
+13
+5
+31
+24
+7
-2
+7
-4
+17
-16
-3
+36
-10
-22
-11
+62
-7
+21
-17
-10
-18
+11
+4
+5
-23
-26
-40
+2
+32
+62
+23
+45
+109
-37
-10
-99
-210
-21
-33
+379
+262
+66
+66407
+13
-8
-14
-16
-6
-19
+12
+15
-10
-19
-8
+12
+13
-11
+18
+7
-11
+14
-12
-11
-2
+4
-19
-9
+3
-5
+7
-4
+9
-19
+20
+7
-14
-2
-7
-8
-2
-16
+8
-10
+1
-4
-16
+2
+1
-13
-2
-3
-16
+5
-6
-17
+3
+9
+14
+1
-11
+6
-2
-12
-10
+11
+19
-9
+5
-11
-8
-17
-19
+8
-3
-17
+13
+14
-16
-8
+19
+17
-16
-16
-13
-11
+9
-19
+6
+12
+5
-12
-12
-16
-14
-6
+7
+8
-12
-18
+12
+13
-17
+3
-5
+1
+6
-4
-18
+1
+11
+2
-8
-15
-17
+16
-10
-12
+16
-14
-1
-11
+5
+14
+20
+16
-18
+16
+17
+13
-9
-6
-16
+19
+13
+8
-13
+1
+19
-12
-20
-20
-11
-12
+4
+12
+6
-17
-9
-3
-18
-15
-2
-5
+17
+12
-8
+4
-12
-7
-18
-4
-1
-19
+1
-7
-8
+5
+1
+19
-7
-19
+18
+12
+6
+19
+8
-1
+20
-17
-16
-5
-1
-3
+6
-13
-2
+6
-8
+12
-13
-3
-13
+8
+4
-16
+19
+18
+16
-13
-1
+3
+9
+18
+1
+3
+14
+10
+3
+1
-8
+18
+4
+26
+22
+13
-12
-7
-3
+6
-17
+5
+14
-7
+12
+10
-7
+8
-7
+18
+17
-6
+12
+17
+2
+3
-9
+18
+10
-17
-10
-2
-13
+6
+4
+17
+12
+14
-15
+5
+17
+4
-1
-14
-19
-1
+5
-15
-16
+1
-11
-13
-5
+15
-4
-15
+1
+22
+17
-20
-21
+13
+1
-2
+17
+23
-35
-14
-18
+6
+1
+1
-13
-10
+34
+35
+8
+4
+14
+24
+16
-5
-2
+10
+16
-10
-11
+1
-2
-3
+7
+5
+20
-14
+2
+2
-5
+14
-18
+23
-3
+2
+4
+2
+7
+8
+3
-16
-5
+4
+12
-20
-15
-22
+5
-10
+31
-2
+9
+10
-14
+18
+6
+3
+19
-15
+9
+7
+18
-1
-8
+19
+12
+1
+16
-5
-4
-9
+16
+13
+2
+7
+5
-3
-19
+12
+9
+2
+9
+16
-17
-13
+12
-5
+11
+4
-1
+2
-6
+18
+19
-10
+3
-19
-19
-13
-16
-2
-13
+8
+18
+6
-11
+2
-16
+11
+12
-20
+18
+17
+14
-13
+26
-1
+20
-1
-17
-11
-8
+13
-7
-5
-5
-7
+18
-20
-4
+29
-2
+21
+21
+16
+15
+14
+21
-15
-14
+17
+5
-10
-27
-18
+10
-20
+34
-13
+18
+17
-21
+32
+13
+6
+6
+28
-37
+20
+29
-25
-69
-57
-3
-59
+3
-21
-9
+14
-19
-18
+20
-5
+15
+5
-9
-24
+20
-14
-10
-15
+30
+21
-9
-34
+4
-31
+25
-85
+25
+38
-36
-28
+58
+121
-31
+13
+202
+66221
-5
-19
-10
-7
-8
-2
+6
-5
-6
+8
-17
+10
+18
+16
+3
-12
-2
-11
+14
+7
+11
-1
-5
+10
+9
-5
-3
-3
-11
-13
+18
-8
-5
+18
+17
-6
+3
+19
-18
+5
+5
-4
-12
+7
+14
+19
-6
+10
-8
-11
+10
-17
+9
+11
+7
-133358
[-16, -4, -22, -23, -18, -26, -17, -32, -20, -14, -3, 4, -5, 8, 13, 9, 5, 3, -2, 17, 21, 35, 42, 50, 34, 25, 41, 49, 38, 31, 43, 51, 64, 75, 87, 68, 79, 86, 95, 88, 72, 67, 78, 77, 85, 90, 102, 101, 100, 106, 104, 92, 98, 80, 91, 96, 109, 97, 82, 74, 61, 63, 52, 53, 39, 33, 44, 29, 40, 48, 66, 58, 76, 69, 60, 36, 24, 26, 46, 37, 32, 18, 12, 28, 27, 15, -1, 7, 16, 1, -7, -9, -13, -29, -47, -55, -45, -35, -33, -30, -38, -48, -49, -51, -31, -36, -40, -53, -43, -34, -46, -65, -50, -54, -67, -78, -87, -91, -103, -100, -107, -111, -98, -90, -95, -85, -96, -89, -79, -66, -56, -73, -94, -83, -80, -71, -86, -97, -82, -72, -75, -58, -52, -41, -25, -6, 2, 10, 14, 23, 30, 45, 47, 62, 84, 103, 114, 117, 136, 145, 141, 150, 131, 115, 121, 123, 120, 125, 130, 112, 113, 99, 93, 73, 83, 70, 89, 71, 54, 59, 20, 22, 55, 57, 81, 65, 110, 119, 140, 146, 166, 170, 158, 151, 148, 156, 168, 173, 172, 180, 198, 185, 176, 179, 195, 191, 206, 219, 209, 201, 188, 167, 182, 199, 212, 208, 190, 175, 178, 189, 194, 197, 207, 196, 205, 224, 222, 231, 234, 221, 223, 216, 202, 200, 193, 174, 181, 184, 171, 177, 187, 192, 183, 163, 155, 160, 143, 154, 142, 159, 147, 133, 157, 135, 122, 137, 152, 153, 149, 162, 132, 144, 161, 169, 214, 218, 215, 210, 213, 204, 217, 225, 239, 241, 229, 226, 235, 255, 262, 263, 264, 247, 237, 240, 238, 242, 236, 252, 244, 259, 275, 283, 272, 258, 254, 256, 271, 290, 302, 316, 333, 315, 297, 279, 278, 277, 270, 253, 251, 233, 248, 245, 250, 230, 269, 268, 274, 282, 292, 308, 289, 300, 319, 334, 328, 347, 339, 345, 346, 344, 324, 320, 338, 340, 323, 313, 303, 291, 309, 311, 295, 287, 301, 286, 298, 284, 265, 249, 228, 211, 232, 220, 186, 164, 139, 124, 138, 126, 116, 127, 107, 111, 105, 94, 108, 129, 203, 243, 246, 261, 257, 273, 285, 288, 294, 296, 307, 317, 314, 331, 326, 336, 349, 354, 341, 337, 350, 342, 359, 357, 363, 351, 358, 360, 373, 371, 362, 380, 395, 384, 388, 391, 370, 353, 356, 368, 367, 355, 352, 332, 322, 335, 329, 325, 305, 312, 327, 321, 306, 280, 293, 299, 276, 267, 266, 310, 318, 304, 330, 343, 348, 379, 403, 410, 408, 415, 411, 428, 412, 409, 445, 435, 413, 402, 464, 457, 478, 461, 451, 433, 444, 448, 453, 430, 404, 364, 366, 398, 460, 483, 528, 637, 600, 590, 491, 281, 260, 227, 606, 868, 934, 67341, 67354, 67346, 67332, 67316, 67310, 67291, 67303, 67318, 67308, 67289, 67281, 67293, 67306, 67295, 67313, 67320, 67309, 67323, 67311, 67300, 67298, 67302, 67283, 67274, 67277, 67272, 67279, 67275, 67284, 67265, 67285, 67292, 67278, 67276, 67269, 67261, 67259, 67243, 67251, 67241, 67242, 67238, 67222, 67224, 67225, 67212, 67210, 67207, 67191, 67196, 67190, 67173, 67176, 67185, 67199, 67200, 67189, 67195, 67193, 67181, 67171, 67182, 67201, 67192, 67197, 67186, 67178, 67161, 67142, 67150, 67147, 67130, 67143, 67157, 67141, 67133, 67152, 67169, 67153, 67137, 67124, 67113, 67122, 67103, 67109, 67121, 67126, 67114, 67102, 67086, 67072, 67066, 67073, 67081, 67069, 67051, 67063, 67076, 67059, 67062, 67057, 67058, 67064, 67060, 67042, 67043, 67054, 67056, 67048, 67033, 67016, 67032, 67022, 67010, 67026, 67012, 67011, 67000, 67005, 67019, 67039, 67055, 67037, 67053, 67070, 67083, 67074, 67068, 67052, 67071, 67084, 67092, 67079, 67080, 67099, 67087, 67067, 67047, 67036, 67024, 67028, 67040, 67046, 67029, 67020, 67017, 66999, 66984, 66982, 66977, 66994, 67006, 66998, 67002, 66990, 66983, 66965, 66961, 66960, 66941, 66942, 66935, 66927, 66932, 66933, 66952, 66945, 66926, 66944, 66956, 66962, 66981, 66989, 66988, 67008, 66991, 66975, 66970, 66969, 66966, 66972, 66959, 66957, 66963, 66955, 66967, 66954, 66951, 66938, 66946, 66950, 66934, 66953, 66971, 66987, 66974, 66973, 66976, 66985, 67003, 67004, 67007, 67021, 67031, 67034, 67035, 67027, 67045, 67049, 67075, 67097, 67110, 67098, 67091, 67088, 67094, 67077, 67082, 67096, 67089, 67101, 67111, 67104, 67112, 67105, 67123, 67140, 67134, 67146, 67163, 67165, 67168, 67159, 67177, 67187, 67170, 67160, 67158, 67145, 67151, 67155, 67172, 67184, 67198, 67183, 67188, 67205, 67209, 67208, 67194, 67175, 67174, 67179, 67164, 67148, 67149, 67138, 67125, 67120, 67135, 67131, 67116, 67117, 67139, 67156, 67136, 67115, 67128, 67129, 67127, 67144, 67167, 67132, 67118, 67100, 67106, 67107, 67108, 67095, 67085, 67119, 67154, 67162, 67166, 67180, 67204, 67220, 67215, 67213, 67223, 67239, 67229, 67218, 67219, 67217, 67214, 67221, 67226, 67246, 67232, 67234, 67236, 67231, 67245, 67227, 67250, 67247, 67249, 67253, 67255, 67262, 67270, 67273, 67257, 67252, 67256, 67268, 67248, 67233, 67211, 67216, 67206, 67237, 67235, 67244, 67254, 67240, 67258, 67264, 67267, 67286, 67271, 67280, 67287, 67305, 67304, 67296, 67315, 67327, 67328, 67344, 67339, 67335, 67326, 67342, 67355, 67357, 67364, 67369, 67366, 67347, 67359, 67368, 67370, 67379, 67395, 67378, 67365, 67377, 67372, 67383, 67387, 67386, 67388, 67382, 67400, 67419, 67409, 67412, 67393, 67374, 67361, 67345, 67343, 67330, 67338, 67356, 67362, 67351, 67353, 67337, 67348, 67360, 67340, 67358, 67375, 67389, 67376, 67402, 67401, 67421, 67420, 67403, 67392, 67384, 67397, 67390, 67385, 67380, 67373, 67391, 67371, 67367, 67396, 67394, 67415, 67436, 67452, 67467, 67481, 67502, 67487, 67473, 67490, 67495, 67485, 67458, 67440, 67450, 67430, 67464, 67451, 67469, 67486, 67465, 67497, 67510, 67516, 67522, 67550, 67513, 67533, 67562, 67537, 67468, 67411, 67408, 67349, 67352, 67331, 67322, 67336, 67317, 67299, 67319, 67314, 67329, 67334, 67325, 67301, 67321, 67307, 67297, 67282, 67312, 67333, 67324, 67290, 67294, 67263, 67288, 67203, 67228, 67266, 67230, 67202, 67260, 67381, 67350, 67363, 67565, 133786, 133781, 133762, 133752, 133745, 133737, 133735, 133741, 133736, 133730, 133738, 133721, 133731, 133749, 133765, 133768, 133756, 133754, 133743, 133757, 133764, 133775, 133774, 133769, 133779, 133788, 133783, 133780, 133777, 133766, 133753, 133771, 133763, 133758, 133776, 133793, 133787, 133790, 133809, 133791, 133796, 133801, 133797, 133785, 133792, 133806, 133825, 133819, 133829, 133821, 133810, 133820, 133803, 133812, 133823, 133830, 472] 

472
